15
63
212
338
525
598
831
970
1039
1041
1125
1139
1176
1159
1186
1172
1183
1036
1086
1114
1029
1030
1028
1012
1024
948
931
893
836
877
803
846
791
784
711
686
706
661
651
663
640
595
536
572
584
543
531
552
506
460
444
448
391
404
411
384
391
374
341
344
371
316
337
359
345
302
325
324
340
361
294
317
286
265
295
287
304
338
308
294
272
223
219
215
184
205
168
172
186
165
151
159
148
141
157
143
139
122
134
129
109
123
113
112
85
104
78
84
83
94
90
127
113
104
119
101
68
74
78
80
69
87
77
101
64
77
90
77
63
53
53
59
51
68
46
58
52
50
61
47
50
56
54
44
53
51
43
52
48
58
59
62
54
57
62
40
43
42
46
45
45
50
48
36
33
41
36
40
42
40
29
38
38
33
34
32
38
39
34
39
32
42
43
55
46
54
58
39
36
35
43
36
33
32
37
33
34
23
17
5307
