29
230
438
753
975
1007
1109
1185
1275
1167
1265
1203
1215
1171
1104
1090
1018
995
1002
996
997
919
936
927
876
889
852
859
860
866
807
817
771
724
749
663
696
641
628
554
638
553
549
574
551
482
492
484
474
455
446
414
409
411
361
372
372
349
389
397
377
326
364
364
305
350
365
327
293
306
311
339
310
304
299
229
274
256
291
279
195
219
202
214
204
217
179
146
127
144
142
128
103
116
110
122
117
112
123
130
182
93
86
104
98
108
106
88
71
76
58
60
67
74
71
78
75
70
67
53
45
54
48
47
43
38
58
84
54
39
104
62
66
72
42
51
65
52
55
59
67
41
39
39
42
41
41
35
51
42
42
28
36
43
51
35
40
17
37
55
46
52
41
24
42
42
33
71
68
51
50
43
40
64
30
37
24
29
32
29
23
19
21
30
25
20
22
21
21
21
26
36
33
35
22
26
19
26
32
5510
