21
117
271
424
657
919
1223
1512
1732
1886
2129
2114
2252
2190
2093
2029
2034
1965
1970
1830
1814
1710
1743
1680
1637
1662
1685
1468
1501
1486
1416
1258
1255
1200
1258
1121
1095
1081
976
1016
1018
910
971
963
884
823
807
747
745
743
675
690
631
610
644
598
572
547
525
527
488
470
498
462
440
396
443
409
400
386
384
312
330
360
317
305
284
301
273
281
268
245
258
265
220
236
205
206
215
195
208
192
160
166
166
152
159
160
131
139
130
177
144
121
128
122
135
115
128
99
105
111
95
90
98
111
66
84
110
74
83
84
75
68
88
70
76
85
76
72
51
66
65
47
51
58
61
57
57
66
59
65
48
51
60
41
53
49
74
56
51
37
38
47
39
37
43
39
26
40
31
31
21
26
26
21
23
41
22
30
32
39
30
20
16
23
21
26
23
26
24
22
21
24
12
23
22
15
20
21
21
16
15
26
15
16
21
17
10
2230
