9
73
280
460
741
1034
1305
1548
1831
1887
2126
2196
2188
2205
2273
2222
2214
1940
1996
2048
1989
1888
1829
1756
1776
1646
1596
1563
1504
1472
1379
1305
1293
1262
1220
1214
1022
1059
1056
1041
968
943
897
930
858
866
766
778
745
663
744
663
617
601
587
562
581
504
500
430
459
443
451
398
403
425
358
359
392
338
331
290
316
299
274
295
296
296
251
259
235
197
214
239
227
211
182
191
176
207
177
175
168
162
177
144
166
144
158
124
139
117
111
109
101
119
101
97
97
90
101
90
73
96
81
90
64
81
72
74
73
84
73
57
66
68
71
73
54
54
70
60
55
58
67
47
51
60
43
36
50
44
44
41
48
35
42
34
45
46
38
42
39
31
33
36
33
27
40
31
36
29
23
29
26
22
30
34
29
20
33
21
26
27
25
26
30
20
23
27
20
16
13
23
26
14
21
8
15
18
15
14
12
18
6
23
14
13
12
2221
