91
323
801
839
1036
1489
1394
2185
2138
2387
2335
2380
2134
2282
2460
1942
2078
1661
1758
1820
1524
1557
1665
1336
1379
1279
1199
1195
1149
927
1101
1077
1110
945
897
971
998
1015
965
854
852
806
967
826
842
677
795
806
701
675
716
619
634
615
560
597
511
544
599
517
446
520
519
483
500
449
522
365
390
370
363
508
376
417
335
424
329
369
296
292
288
311
253
258
283
278
235
191
238
228
192
191
264
183
174
213
173
179
164
176
165
134
136
103
120
148
117
115
114
117
136
102
73
104
99
78
82
80
81
76
46
76
55
57
72
65
52
63
60
63
59
57
34
51
45
65
37
49
80
52
40
35
33
59
28
36
57
33
26
37
29
28
25
26
35
26
26
18
17
10
24
19
31
21
35
15
20
30
17
35
16
26
21
26
15
23
28
16
18
31
12
13
17
14
13
12
13
12
16
11
13
10
10
8
12
14
13
10
3
3297
