35
226
346
581
685
855
1049
1081
1180
1210
1211
1184
1185
1221
1179
1114
1121
1054
1072
1057
1047
1003
1051
910
953
929
914
861
873
884
838
874
844
798
851
791
705
709
694
687
701
662
664
632
645
606
605
527
522
514
481
492
497
522
490
467
461
411
420
396
406
371
371
326
304
275
268
311
282
300
262
309
312
302
285
244
245
226
216
205
212
157
161
202
172
142
137
175
141
137
123
126
126
124
120
144
156
135
171
99
101
127
100
78
111
96
97
103
94
77
66
80
69
44
54
55
61
63
55
53
44
49
47
32
57
43
41
44
46
38
36
36
39
28
26
35
28
25
26
25
28
23
37
30
31
19
25
19
18
22
13
25
18
17
14
13
9
10
14
12
9
8
12
13
10
15
12
15
14
10
12
11
4
8
11
7
14
4
8
13
2
7
11
7
11
8
4
9
10
4
6
9
6
5
8
7
10
8
8
853
