36
125
278
443
532
638
677
790
817
854
928
966
930
1085
1000
1100
1119
1159
1234
1109
1216
1199
1177
1206
1183
1137
1136
1142
1137
1109
1151
1120
1083
1113
1028
997
1006
1062
1080
985
1010
957
959
929
900
851
830
793
833
755
801
726
691
730
634
604
608
604
564
550
568
571
574
508
486
480
453
441
438
363
401
372
350
322
358
338
339
341
295
314
280
310
290
267
246
219
234
232
219
232
208
188
193
206
206
189
205
175
194
192
153
165
200
148
122
159
121
127
137
101
114
102
117
112
93
94
80
96
94
86
92
81
85
90
70
66
72
68
60
75
69
58
78
74
56
47
57
61
48
57
44
49
44
38
46
43
43
45
43
36
40
42
21
20
24
19
25
22
19
20
13
19
19
13
18
15
19
16
19
15
21
11
18
20
17
21
16
18
9
14
13
14
8
10
10
12
11
14
14
9
15
8
9
8
7
12
10
9
7
984
