32
124
287
413
452
587
660
736
795
809
926
936
1057
1032
1089
1120
1067
1088
1084
1146
1141
1153
1127
1168
1171
1109
1109
1147
1108
1111
991
1141
1079
1014
1040
1043
953
970
959
994
924
986
915
924
885
866
843
813
769
780
815
748
716
683
737
681
679
657
611
581
556
615
519
562
504
487
498
486
456
409
438
420
421
409
396
375
390
380
313
326
286
321
306
296
248
255
268
255
248
256
237
220
210
172
185
184
188
163
229
186
168
195
155
146
132
116
122
143
126
126
93
129
105
103
92
103
96
114
86
105
89
92
72
79
74
83
77
72
62
48
62
62
69
50
57
51
59
52
44
50
47
55
50
42
40
34
41
34
28
21
38
29
29
19
22
17
18
26
25
21
19
22
19
19
20
29
14
15
17
17
12
12
21
13
22
16
12
11
8
12
17
10
16
15
10
15
12
8
14
14
15
13
4
14
9
10
7
11
3
1000
