110
269
483
747
840
930
1083
918
1048
1185
1340
1256
1100
1028
1226
1132
1030
1224
1247
1064
1109
1241
982
1037
1018
1022
957
919
984
891
880
947
881
885
880
804
823
739
734
741
668
646
664
653
654
679
593
553
521
611
518
466
515
548
520
531
465
440
423
472
373
372
385
324
298
303
349
298
267
306
281
245
316
230
226
226
241
207
188
201
177
158
175
137
152
152
114
177
141
113
148
127
129
97
130
109
104
119
76
71
134
104
108
75
75
70
57
53
76
55
51
54
72
53
53
48
56
38
53
61
51
43
46
61
47
33
41
33
40
37
26
34
61
27
31
31
28
19
18
43
35
47
21
23
32
19
11
17
20
34
28
19
28
22
17
16
31
5
8
17
17
13
15
16
17
4
18
18
15
12
15
15
18
14
17
9
9
26
8
9
41
11
23
8
14
10
6
13
13
9
5
12
5
4
6
5
7
4
6
1739
