33
283
503
747
997
1122
1375
1311
1287
1248
1290
1244
1377
1328
1260
1185
1237
1137
1170
1142
1155
1042
1007
1045
959
904
852
859
769
775
796
837
729
764
647
735
636
613
596
633
586
604
564
562
508
504
486
455
443
472
416
440
404
442
400
348
341
368
273
329
283
253
266
337
243
259
262
281
205
196
197
260
221
350
218
176
310
201
262
170
171
173
151
160
189
128
139
104
126
125
154
148
125
144
105
94
79
110
95
74
94
68
83
77
86
87
75
74
71
71
65
70
62
50
151
109
110
96
63
48
60
34
37
73
57
39
35
68
36
34
43
37
29
31
43
38
36
56
49
47
80
42
25
37
38
32
30
46
32
26
33
32
36
43
28
41
34
34
36
48
46
58
30
46
29
52
34
33
35
25
53
72
39
82
44
31
21
18
25
20
19
18
30
56
32
34
28
26
27
45
30
26
24
22
16
27
20
24
27
5543
