10
83
167
346
494
666
719
774
863
894
1007
1028
1022
1065
1074
1016
1021
1128
1016
1109
978
1028
1073
1027
991
996
938
917
891
820
828
805
807
763
733
721
711
680
670
671
673
613
586
537
555
542
527
543
492
466
461
465
454
445
446
454
396
422
404
419
407
379
351
382
388
402
427
347
344
355
356
366
341
339
341
320
286
289
247
277
277
237
230
215
208
206
227
197
202
200
163
185
159
158
144
148
148
124
122
105
129
118
125
114
120
125
106
119
88
104
93
96
79
76
88
74
72
81
84
106
97
79
83
80
79
72
75
67
73
76
64
83
85
75
64
58
58
52
54
49
59
50
48
59
60
59
57
53
36
42
35
43
42
47
40
49
34
41
35
30
35
50
45
55
44
39
37
34
33
39
31
33
39
44
32
44
41
32
49
48
27
37
34
36
38
34
42
35
30
49
57
26
53
56
33
25
24
24
33
5345
