24
91
246
408
617
825
919
1008
1097
1173
1169
1244
1216
1180
1197
1238
1165
1151
1124
1120
1096
1047
994
965
949
874
909
899
890
894
852
835
797
706
786
749
690
712
677
692
646
665
611
584
627
554
515
571
512
496
490
531
497
502
444
441
421
409
392
438
395
372
388
368
393
381
332
342
306
336
307
309
250
261
278
271
263
274
247
233
228
237
185
228
209
146
171
203
163
141
177
150
145
128
147
121
173
161
155
126
120
132
114
96
103
95
84
91
94
87
70
69
73
71
57
70
66
61
55
43
39
50
51
46
44
35
43
42
54
35
29
49
38
25
30
29
28
40
29
30
31
22
28
22
18
30
25
24
25
17
16
21
10
10
18
20
13
12
6
17
13
8
10
6
9
10
11
15
13
14
10
11
12
8
9
10
6
5
12
13
13
9
6
5
8
5
10
8
8
7
9
9
8
11
1
6
6
1
3
875
