24
143
303
488
735
926
1273
1362
1549
1797
1794
1844
1780
1881
1835
1873
1810
1847
1753
1738
1786
1687
1743
1746
1653
1680
1648
1559
1459
1466
1441
1375
1434
1362
1290
1186
1189
1153
1149
1116
1039
979
979
946
854
887
792
828
866
732
747
727
660
661
660
692
606
605
548
544
552
483
531
506
473
412
419
419
410
408
388
367
383
347
316
342
313
295
293
281
252
217
241
231
244
222
250
209
209
207
213
189
182
185
162
160
152
155
135
169
146
146
166
137
140
141
109
125
113
141
97
111
110
96
116
107
101
88
76
102
83
85
80
78
74
82
73
70
77
60
83
72
69
89
70
66
67
53
64
65
46
45
56
62
73
65
57
51
59
61
42
72
30
61
34
30
48
44
43
33
32
43
30
34
31
34
31
32
25
29
33
26
29
26
23
26
18
24
25
27
33
21
28
23
23
21
17
19
10
26
20
19
24
26
16
16
18
13
15
2259
