19
114
329
543
692
971
1232
1580
1779
1933
2269
2468
2811
2556
2559
2462
2208
2173
2149
2126
1991
1814
1749
1736
1702
1596
1550
1582
1476
1492
1325
1276
1208
1180
1098
1133
1050
949
977
933
887
856
832
792
783
766
725
683
698
647
619
591
622
583
588
532
564
507
464
521
452
482
457
443
415
398
395
395
329
324
325
316
308
262
268
301
267
246
256
229
225
207
208
212
203
194
196
210
182
172
153
153
164
159
177
138
148
129
136
117
121
107
100
99
112
89
83
86
101
82
116
94
89
83
72
81
83
80
80
67
71
69
67
65
77
82
92
75
64
61
49
60
40
52
50
55
44
42
36
43
54
40
26
30
25
41
29
34
32
30
41
36
29
24
34
38
16
33
29
32
25
22
35
29
20
29
16
34
22
26
26
32
29
30
23
26
25
21
19
18
21
20
20
20
22
17
20
20
14
15
14
20
20
21
15
20
16
11
19
2291
