37
249
564
919
1262
1465
1737
1825
1708
1964
1896
1713
1656
1592
1524
1422
1320
1306
1207
1132
1154
1169
1122
1040
1040
1003
1015
958
897
808
845
793
763
710
661
636
632
590
551
560
526
538
526
457
460
567
424
437
411
384
400
366
389
380
432
359
383
330
345
324
337
319
295
288
303
300
270
248
281
302
250
228
228
210
232
224
237
241
228
180
173
202
178
198
186
162
179
180
160
162
146
146
153
140
153
136
127
150
138
111
113
119
113
104
114
126
90
94
95
107
94
81
82
85
73
96
90
92
75
75
98
99
86
66
67
71
69
68
73
68
75
74
74
53
63
54
68
67
80
88
69
61
39
45
41
47
54
60
37
37
35
42
52
36
45
58
50
65
40
28
35
29
27
38
35
33
25
33
22
42
27
28
30
38
28
26
35
29
27
26
20
25
27
20
29
23
29
27
21
20
26
20
17
24
21
30
131
15
23
2693
