121
340
636
967
1073
1233
1352
1301
1400
1288
1466
1236
993
1317
1041
1048
1056
994
914
959
800
982
938
812
860
745
799
849
844
768
749
801
814
610
612
679
764
652
605
524
630
455
544
535
470
436
464
488
565
375
377
347
337
328
374
362
281
252
261
311
238
350
339
314
266
231
271
286
269
223
265
306
250
196
272
226
171
262
174
245
178
217
214
199
179
174
151
109
133
97
118
124
76
89
97
76
111
87
68
155
162
101
68
94
114
69
108
74
73
107
87
152
55
80
61
50
106
117
133
97
103
49
92
85
88
79
94
93
77
71
71
89
96
73
90
93
56
54
85
51
86
68
106
78
44
60
58
39
62
45
71
52
85
50
44
85
30
70
41
38
39
32
37
33
62
37
40
40
42
34
42
43
46
43
28
22
53
34
23
24
45
23
29
34
28
20
30
28
12
16
14
16
42
33
20
15
20
22
16
6364
