30
139
364
534
868
1033
1197
1289
1321
1498
1361
1272
1420
1370
1296
1250
1246
1186
1169
1182
1179
1116
998
1047
981
1015
981
939
944
889
886
808
818
759
738
656
675
666
627
645
598
622
605
556
679
639
547
523
492
491
481
490
494
404
429
399
412
381
423
358
364
353
414
366
371
370
352
371
390
319
355
320
301
314
281
246
263
258
252
222
243
247
249
233
225
212
192
204
203
212
199
171
206
166
193
159
165
156
154
168
157
150
155
163
155
138
135
134
117
133
128
130
113
147
110
119
96
114
108
102
102
82
88
85
98
84
72
79
68
87
64
80
72
75
66
71
70
66
63
51
67
54
71
53
49
55
68
53
49
44
54
35
60
55
55
59
52
48
61
48
33
39
42
57
48
46
40
48
53
42
44
52
36
30
36
36
50
29
29
34
41
29
44
40
38
38
28
26
25
23
31
36
28
20
22
21
25
22
18
2988
