24
112
293
489
570
730
826
1036
1010
1082
1162
1207
1195
1190
1154
1132
1135
1123
1083
1051
994
951
944
876
922
841
864
847
793
793
828
756
687
724
754
722
657
671
629
611
676
646
583
616
573
611
599
563
555
514
572
525
531
499
440
462
461
470
528
502
471
468
437
431
446
417
417
412
407
452
457
366
422
365
375
404
419
341
330
367
373
343
330
289
295
302
305
276
255
309
264
245
214
245
230
229
195
219
207
172
202
206
185
203
175
159
168
166
121
133
139
135
115
132
117
132
125
123
130
117
124
117
108
99
85
110
99
75
100
77
86
87
73
82
80
69
80
71
52
53
63
71
60
64
56
54
68
58
54
59
67
62
59
63
62
51
50
48
40
51
48
43
38
34
40
44
35
37
43
49
40
37
43
43
41
32
35
46
40
30
47
41
43
39
26
34
40
33
35
39
29
35
18
26
31
45
74
82
31
3127
