45
367
921
1209
1502
1742
1819
1733
1910
1889
1889
1845
1777
1681
1572
1555
1441
1376
1357
1346
1325
1379
1139
1068
1035
941
1040
950
848
913
758
748
690
739
588
588
536
537
503
431
503
524
455
420
439
409
387
345
372
366
415
374
310
310
370
287
330
321
320
290
344
277
253
288
321
245
258
321
242
242
223
221
242
190
235
215
211
179
201
195
189
166
200
160
180
199
171
133
151
119
153
130
127
126
140
167
119
116
123
98
119
89
102
124
91
79
79
102
77
74
69
83
73
73
75
71
56
81
89
59
73
79
79
85
92
101
61
61
49
63
59
50
67
91
76
49
68
60
49
59
39
46
42
39
42
41
36
39
34
29
28
38
47
26
33
31
41
28
53
46
38
51
33
40
35
31
24
28
25
30
25
37
20
26
37
25
15
23
22
24
31
14
25
17
24
19
20
16
12
19
15
19
15
19
9
23
20
15
16
2558
