69
394
564
1023
1119
1268
1429
1261
1261
1499
1354
1175
1483
1237
1534
1103
1152
1148
1201
1068
1031
965
1035
1023
931
1056
821
945
629
760
735
616
644
662
651
553
524
547
650
522
587
486
516
492
478
442
547
430
425
410
493
351
430
396
380
382
356
349
351
482
293
253
370
349
279
408
272
367
275
324
232
286
223
222
274
222
241
223
221
230
177
307
183
200
169
195
194
200
251
191
190
184
162
173
229
137
158
148
136
149
125
178
111
150
135
135
118
163
214
113
116
131
109
152
115
129
92
144
96
108
108
114
101
74
69
97
108
102
111
71
77
86
135
95
76
85
111
117
80
82
73
102
82
79
98
64
60
171
84
101
72
71
61
91
79
55
67
46
70
77
68
89
50
57
51
52
48
71
59
54
77
58
53
66
57
55
51
43
50
49
37
56
33
29
62
48
31
23
45
28
40
45
38
40
39
33
33
40
42
4680
